1790370619.297 972000 1980000 2904000
1790370619.351 600000 3036000 1056000
1790370619.405 600000 3036000 1056000
1790370619.460 600000 3036000 1056000
1790370619.514 600000 2904000 2676000
1790370619.568 600000 2208000 3036000
1790370619.620 600000 2208000 3036000
1790370619.673 600000 1980000 3036000
1790370619.725 600000 1980000 3036000
1790370619.778 600000 1980000 3036000
1790370619.831 600000 1980000 3036000
1790370619.883 600000 1980000 3036000
1790370619.936 600000 1980000 3036000
1790370619.990 600000 2904000 1056000
1790370620.045 600000 2448000 2676000
1790370620.100 1332000 2448000 2448000
1790370620.154 600000 1056000 2208000
1790370620.209 1704000 2208000 1980000
1790370620.263 600000 1752000 1980000
1790370620.317 2064000 1752000 1296000
1790370620.370 2064000 1980000 600000
1790370620.424 2064000 1056000 600000
1790370620.478 1704000 1056000 1056000
1790370620.532 1332000 600000 1980000
1790370620.585 1332000 1056000 1980000
1790370620.640 972000 600000 600000
1790370620.694 972000 600000 600000
1790370620.748 600000 1980000 1980000
1790370620.803 600000 600000 600000
1790370620.858 600000 1980000 1056000
1790370620.913 600000 1980000 600000
1790370620.968 600000 600000 600000
1790370621.023 600000 600000 600000
1790370621.078 600000 600000 600000
1790370621.133 600000 1056000 1980000
1790370621.188 600000 600000 600000
1790370621.243 600000 1980000 600000
1790370621.298 600000 1980000 1056000
1790370621.352 600000 1980000 1980000
1790370621.407 600000 1980000 1056000
1790370621.462 600000 1980000 1980000
1790370621.516 600000 600000 600000
1790370621.571 600000 600000 600000
1790370621.626 600000 1056000 1980000
1790370621.681 600000 600000 1056000
1790370621.736 600000 1980000 1056000
1790370621.791 600000 600000 600000
1790370621.846 600000 600000 600000
1790370621.901 600000 1056000 1980000
1790370621.956 600000 1056000 600000
1790370622.011 600000 1980000 1980000
1790370622.065 600000 600000 1980000
1790370622.120 600000 600000 600000
1790370622.175 600000 600000 600000
1790370622.230 600000 1980000 1056000
1790370622.285 600000 600000 600000
1790370622.340 600000 1980000 600000
1790370622.395 600000 600000 600000
1790370622.449 600000 1980000 2904000
1790370622.503 600000 600000 600000
1790370622.558 600000 1980000 1296000
1790370622.613 600000 1980000 1056000
1790370622.668 600000 1980000 1056000
1790370622.722 600000 1980000 1980000
1790370622.777 600000 1980000 1056000
1790370622.832 600000 600000 600000
1790370622.887 600000 600000 600000
1790370622.942 600000 1980000 1980000
1790370623.007 600000 1056000 600000
1790370623.062 600000 600000 600000
1790370623.117 600000 600000 600000
1790370623.172 600000 600000 600000
1790370623.227 600000 600000 1056000
1790370623.282 600000 1056000 1980000
1790370623.337 600000 1056000 1980000
1790370623.392 600000 600000 1056000
1790370623.447 600000 600000 600000
1790370623.502 600000 600000 600000
1790370623.556 600000 1980000 600000
1790370623.611 600000 600000 600000
1790370623.666 600000 600000 600000
1790370623.721 600000 1056000 1980000
1790370623.776 600000 600000 600000
1790370623.830 600000 1980000 600000
1790370623.885 600000 1056000 1980000
1790370623.942 600000 600000 600000
1790370624.004 600000 1056000 600000
1790370624.059 600000 1056000 1980000
1790370624.115 600000 600000 600000
1790370624.169 600000 1056000 1980000
1790370624.226 600000 1980000 1056000
1790370624.285 600000 1980000 1056000
1790370624.344 600000 1980000 1056000
1790370624.400 600000 600000 600000
1790370624.460 600000 1980000 1980000
1790370624.513 600000 1980000 1524000
1790370624.570 600000 1980000 1056000
1790370624.625 600000 600000 600000
1790370624.680 600000 1980000 600000
1790370624.735 600000 600000 1056000
1790370624.790 600000 1980000 1980000
1790370624.844 600000 600000 600000
1790370624.899 600000 600000 600000
1790370624.954 600000 1056000 600000
1790370625.009 600000 1980000 1980000
1790370625.064 600000 1980000 1056000
1790370625.119 600000 1980000 3036000
1790370625.174 600000 600000 600000
1790370625.229 600000 600000 600000
1790370625.283 600000 1980000 1056000
1790370625.338 600000 1980000 1056000
1790370625.393 600000 1980000 1056000
1790370625.448 600000 1056000 1056000
1790370625.503 600000 600000 1056000
1790370625.558 600000 1980000 1980000
1790370625.613 600000 1980000 1056000
1790370625.668 600000 600000 600000
1790370625.723 600000 600000 600000
1790370625.777 600000 1980000 1056000
1790370625.832 600000 1980000 1980000
1790370625.887 600000 600000 1056000
1790370625.942 972000 1980000 1056000
1790370625.997 600000 600000 600000
1790370626.052 600000 600000 1056000
1790370626.107 600000 600000 600000
1790370626.162 600000 600000 600000
1790370626.217 600000 600000 600000
1790370626.271 600000 1056000 1980000
1790370626.327 600000 1056000 1980000
1790370626.382 600000 1056000 1980000
1790370626.437 600000 600000 600000
1790370626.492 600000 1980000 1980000
1790370626.547 600000 600000 2208000
1790370626.602 600000 1980000 1296000
1790370626.658 600000 1980000 1980000
1790370626.713 600000 1980000 1056000
1790370626.770 600000 1980000 1056000
1790370626.826 600000 1980000 600000
1790370626.882 600000 1980000 1056000
1790370626.938 600000 1980000 1056000
1790370626.993 600000 1980000 1056000
1790370627.052 600000 1980000 1056000
1790370627.107 600000 600000 1980000
1790370627.167 600000 600000 600000
1790370627.223 600000 600000 600000
1790370627.280 600000 1056000 1980000
1790370627.336 600000 600000 600000
1790370627.392 600000 1980000 1056000
1790370627.447 600000 600000 600000
1790370627.503 600000 1980000 1056000
1790370627.558 600000 600000 600000
1790370627.613 600000 600000 600000
1790370627.668 600000 1056000 1980000
1790370627.723 600000 600000 600000
1790370627.778 600000 600000 600000
1790370627.832 600000 1980000 1980000
1790370627.887 600000 1980000 600000
1790370627.946 972000 1980000 600000
1790370628.004 600000 1980000 1056000
1790370628.059 600000 1980000 1056000
1790370628.114 600000 1056000 600000
1790370628.169 600000 1980000 600000
1790370628.224 600000 600000 600000
1790370628.278 600000 1980000 1980000
1790370628.333 600000 600000 1056000
1790370628.388 600000 600000 600000
1790370628.443 600000 600000 600000
1790370628.497 600000 1980000 2904000
1790370628.552 600000 600000 600000
1790370628.607 600000 1752000 1296000
1790370628.662 600000 1980000 1980000
1790370628.717 600000 1056000 1980000
1790370628.773 600000 1056000 1980000
1790370628.829 600000 1980000 1056000
1790370628.885 600000 1980000 1056000
1790370628.941 972000 1980000 1056000
1790370628.996 600000 1980000 1056000
1790370629.051 600000 1980000 1056000
1790370629.107 600000 1980000 1980000
1790370629.163 600000 600000 600000
1790370629.217 600000 1980000 1980000
1790370629.273 600000 600000 1056000
1790370629.328 600000 1980000 1056000
1790370629.383 600000 1056000 600000
1790370629.439 600000 1980000 1056000
1790370629.494 600000 600000 600000
1790370629.551 600000 600000 600000
1790370629.610 600000 1296000 1980000
1790370629.664 600000 600000 600000
1790370629.719 600000 600000 1056000
1790370629.774 600000 600000 1056000
1790370629.830 600000 600000 600000
1790370629.887 600000 1980000 1056000
1790370629.943 972000 1980000 1056000
1790370629.998 972000 1980000 1056000
1790370630.053 600000 600000 1980000
1790370630.109 600000 1056000 600000
1790370630.166 600000 1980000 1980000
1790370630.221 600000 1980000 1056000
1790370630.277 600000 1980000 1980000
1790370630.331 600000 1980000 1056000
1790370630.386 600000 600000 600000
1790370630.441 600000 600000 600000
1790370630.496 600000 1056000 1056000
1790370630.550 600000 1056000 2448000
1790370630.605 600000 1980000 1056000
1790370630.660 600000 1056000 828000
1790370630.715 600000 600000 600000
1790370630.770 600000 1980000 1980000
1790370630.824 600000 1980000 1056000
1790370630.879 600000 600000 600000
1790370630.936 600000 1980000 600000
1790370630.997 600000 600000 600000
1790370631.052 600000 600000 1056000
1790370631.107 600000 600000 600000
1790370631.162 600000 600000 600000
1790370631.216 600000 1980000 600000
1790370631.271 600000 1056000 600000
1790370631.326 600000 1056000 1980000
1790370631.382 600000 600000 600000
1790370631.437 600000 600000 600000
1790370631.492 600000 1056000 1980000
1790370631.547 600000 1056000 1980000
1790370631.602 600000 600000 600000
1790370631.656 600000 1980000 600000
1790370631.711 600000 600000 600000
1790370631.766 600000 600000 600000
1790370631.821 600000 1056000 1980000
1790370631.876 600000 1056000 1980000
1790370631.935 600000 1980000 1980000
1790370631.994 600000 1056000 1980000
1790370632.049 600000 600000 600000
1790370632.104 600000 600000 600000
1790370632.159 600000 600000 600000
1790370632.215 600000 1980000 1056000
1790370632.275 600000 1980000 1980000
1790370632.332 600000 1980000 1056000
1790370632.387 600000 1980000 1056000
1790370632.443 600000 1980000 1980000
1790370632.497 600000 1056000 1056000
1790370632.553 600000 600000 600000
1790370632.611 600000 1056000 1980000
1790370632.667 600000 1980000 1056000
1790370632.722 600000 1980000 1980000
1790370632.776 600000 1056000 1980000
1790370632.831 600000 1056000 600000
1790370632.886 600000 1980000 600000
1790370632.942 600000 1980000 1980000
1790370633.002 600000 600000 600000
1790370633.057 600000 1056000 1980000
1790370633.115 600000 1056000 1980000
1790370633.172 600000 1980000 1056000
1790370633.227 600000 1980000 600000
1790370633.282 600000 600000 600000
1790370633.336 600000 600000 1056000
1790370633.391 600000 1980000 1980000
1790370633.446 600000 600000 600000
1790370633.501 600000 600000 600000
1790370633.556 600000 1980000 1980000
1790370633.610 600000 600000 1056000
1790370633.665 600000 600000 600000
1790370633.720 600000 1056000 1980000
1790370633.774 600000 1296000 1980000
1790370633.829 600000 600000 600000
1790370633.884 600000 600000 600000
1790370633.939 600000 1056000 1980000
1790370633.994 972000 1980000 1296000
1790370634.048 600000 1056000 1980000
1790370634.103 600000 1296000 3036000
1790370634.157 600000 1980000 3036000
1790370634.209 600000 1980000 3036000
