1790370675.381 1704000 1980000 2448000
1790370675.434 972000 1524000 3036000
1790370675.487 600000 1980000 3036000
1790370675.540 600000 600000 3036000
1790370675.592 600000 2676000 2208000
1790370675.646 600000 3036000 1980000
1790370675.698 600000 3036000 1980000
1790370675.751 600000 3036000 1980000
1790370675.803 600000 3036000 1980000
1790370675.855 600000 3036000 1980000
1790370675.907 600000 3036000 1980000
1790370675.959 600000 3036000 1980000
1790370676.012 2064000 3036000 3036000
1790370676.063 2064000 3036000 3036000
1790370676.116 1704000 2676000 2676000
1790370676.170 600000 2676000 1056000
1790370676.225 600000 2208000 2208000
1790370676.280 600000 1980000 2208000
1790370676.334 600000 1752000 2208000
1790370676.387 600000 1524000 1296000
1790370676.441 600000 1056000 2676000
1790370676.495 600000 1980000 3036000
1790370676.548 600000 1980000 3036000
1790370676.600 600000 1980000 3036000
