1790370694.316 1704000 1056000 2904000
1790370694.370 1332000 1980000 3036000
1790370694.423 600000 1980000 3036000
1790370694.476 600000 1980000 3036000
1790370694.529 600000 2676000 1980000
1790370694.582 600000 3036000 1980000
1790370694.634 600000 3036000 2208000
1790370694.686 600000 3036000 2208000
1790370694.738 600000 3036000 1980000
1790370694.790 600000 3036000 1980000
1790370694.843 600000 3036000 1980000
1790370694.895 600000 3036000 1980000
1790370694.947 600000 1980000 3036000
1790370695.000 600000 2904000 2904000
1790370695.055 600000 2676000 1980000
1790370695.110 1332000 2208000 2208000
1790370695.163 600000 1980000 2208000
1790370695.217 600000 1056000 1752000
1790370695.272 2064000 1524000 1752000
1790370695.325 2064000 1296000 1056000
1790370695.378 600000 2208000 1056000
1790370695.433 600000 3036000 1980000
1790370695.486 600000 3036000 1980000
1790370695.538 600000 3036000 1980000
