1790370615.326 1704000 1980000 1056000
1790370615.380 972000 2448000 1056000
1790370615.434 600000 3036000 1980000
1790370615.486 600000 1296000 3036000
1790370615.541 600000 1980000 3036000
1790370615.593 600000 1980000 3036000
1790370615.645 600000 1980000 3036000
1790370615.698 600000 1980000 3036000
1790370615.750 600000 1980000 3036000
1790370615.803 600000 1980000 3036000
1790370615.856 600000 1980000 3036000
1790370615.909 600000 1980000 3036000
1790370615.961 600000 3036000 1980000
1790370616.014 600000 3036000 1980000
1790370616.067 600000 3036000 3036000
1790370616.119 2064000 3036000 3036000
1790370616.172 2064000 3036000 3036000
1790370616.224 2064000 3036000 3036000
1790370616.277 2064000 3036000 3036000
1790370616.329 2064000 3036000 3036000
1790370616.382 2064000 3036000 3036000
1790370616.434 2064000 3036000 3036000
1790370616.487 2064000 3036000 3036000
1790370616.540 2064000 3036000 3036000
1790370616.592 2064000 3036000 3036000
1790370616.645 2064000 3036000 3036000
1790370616.698 2064000 3036000 3036000
1790370616.751 2064000 3036000 3036000
1790370616.804 2064000 3036000 3036000
1790370616.856 2064000 3036000 3036000
1790370616.909 2064000 3036000 3036000
1790370616.962 2064000 3036000 3036000
1790370617.014 2064000 3036000 3036000
1790370617.067 2064000 3036000 3036000
1790370617.119 2064000 3036000 3036000
1790370617.172 600000 3036000 1980000
1790370617.226 1704000 1980000 1056000
1790370617.280 972000 1980000 1296000
1790370617.333 600000 1296000 1980000
1790370617.388 600000 1980000 600000
1790370617.443 600000 1980000 1056000
1790370617.499 600000 600000 600000
1790370617.554 600000 1980000 1056000
1790370617.611 600000 1980000 600000
1790370617.667 600000 1980000 1056000
1790370617.723 600000 600000 1056000
1790370617.781 2064000 1980000 1056000
1790370617.835 1704000 3036000 1056000
1790370617.889 600000 3036000 1980000
1790370617.942 972000 1296000