1790370638.591 1332000 2904000 1980000
1790370638.644 600000 3036000 1056000
1790370638.697 600000 3036000 1296000
1790370638.752 600000 3036000 1980000
1790370638.806 600000 2208000 2208000
1790370638.860 600000 1980000 3036000
1790370638.912 600000 1980000 3036000
1790370638.965 600000 1980000 3036000
1790370639.018 600000 1980000 3036000
1790370639.070 600000 1980000 3036000
1790370639.122 600000 1980000 3036000
1790370639.175 600000 1980000 3036000
1790370639.227 2064000 3036000 3036000
1790370639.279 2064000 3036000 3036000
1790370639.331 600000 2676000 2676000
1790370639.385 600000 2448000 2208000
1790370639.440 1704000 2208000 2208000
1790370639.494 1704000 1980000 1980000
1790370639.548 600000 1752000 1980000
1790370639.601 2064000 1752000 1980000
1790370639.655 2064000 3036000 3036000
1790370639.707 2064000 3036000 3036000
1790370639.759 1704000 1980000 1056000
1790370639.813 1332000 1980000 1056000
1790370639.867 1332000 1980000 1056000
1790370639.921 972000 1980000 600000
1790370639.976 972000 1056000 1980000
1790370640.030 972000 1980000 1296000
1790370640.084 2064000 3036000 3036000
1790370640.136 2064000 3036000 3036000
1790370640.189 1332000 1296000 1752000
1790370640.242 1332000 600000 600000
1790370640.296 972000 600000 600000
1790370640.350 972000 1056000 1980000
1790370640.404 972000 600000 1056000
1790370640.459 600000 1980000 1980000
1790370640.513 2064000 3036000 3036000
1790370640.565 2064000 3036000 3036000
1790370640.618 1332000 1980000 1056000
1790370640.672 1332000 1056000 1980000
1790370640.726 972000 1980000 1056000
1790370640.780 972000 1056000 600000
1790370640.834 972000 600000 600000
1790370640.889 600000 600000 600000
1790370640.943 600000 3036000 3036000
1790370641.002 2064000 3036000 3036000
1790370641.055 1332000 1980000 1056000
1790370641.109 1332000 1980000 1056000
1790370641.163 972000 1980000 1056000
1790370641.217 972000 1980000 1056000
1790370641.271 600000 1980000 1056000
1790370641.326 600000 1980000 1980000
1790370641.381 600000 1980000 1980000
1790370641.436 2064000 3036000 3036000
1790370641.488 2064000 3036000 3036000
1790370641.541 1332000 1980000 1980000
1790370641.594 1332000 600000 600000
1790370641.648 972000 1056000 1980000
1790370641.703 972000 600000 600000
1790370641.757 972000 600000 1056000
1790370641.811 972000 1980000 1980000
1790370641.866 2064000 3036000 3036000
1790370641.918 2064000 3036000 3036000
1790370641.971 1332000 1056000 1980000
1790370642.025 1332000 1056000 1980000
1790370642.079 1332000 600000 1980000
1790370642.133 972000 600000 600000
1790370642.187 972000 600000 1056000
1790370642.241 600000 1980000 1056000
1790370642.296 2064000 3036000 3036000
1790370642.348 2064000 3036000 3036000
1790370642.401 1332000 1980000 1980000
1790370642.455 972000 1980000 1980000
1790370642.508 972000 1980000 3036000
1790370642.562 972000 600000 600000
1790370642.616 972000 1980000 1296000
1790370642.670 600000 1980000 1056000
1790370642.725 2064000 3036000 3036000
1790370642.778 2064000 3036000 3036000
1790370642.830 1332000 1980000 1056000
1790370642.885 1332000 1980000 1056000
1790370642.941 972000 1056000 1980000
1790370642.998 972000 1056000 1980000
1790370643.052 972000 1980000 1056000
1790370643.106 600000 1296000 1752000
1790370643.161 2064000 3036000 3036000
1790370643.214 2064000 3036000 3036000
1790370643.266 1332000 1980000 1056000
1790370643.320 1332000 1980000 1056000
1790370643.374 972000 1980000 600000
1790370643.429 600000 600000 600000
1790370643.484 600000 600000 600000
1790370643.538 600000 1980000 1056000
1790370643.593 2064000 3036000 3036000
1790370643.646 2064000 3036000 3036000
1790370643.698 1332000 1980000 1056000
1790370643.752 1332000 1056000 1980000
1790370643.806 1332000 600000 600000
1790370643.860 972000 1980000 1980000
1790370643.915 972000 600000 600000
1790370643.969 972000 1980000 1056000
1790370644.024 600000 600000 1056000
1790370644.078 2064000 3036000 3036000
1790370644.131 2064000 3036000 3036000
1790370644.183 1332000 1980000 1056000
1790370644.237 972000 1056000 1980000
1790370644.292 972000 1056000 1980000
1790370644.346 972000 600000 600000
1790370644.400 600000 1980000 1056000
1790370644.455 600000 1980000 1980000
1790370644.509 2064000 3036000 3036000
1790370644.562 2064000 3036000 3036000
1790370644.615 1332000 600000 600000
1790370644.669 972000 600000 600000
1790370644.722 972000 1980000 1980000
1790370644.777 972000 600000 600000
1790370644.831 600000 600000 600000
1790370644.886 600000 600000 600000
1790370644.940 2064000 3036000 3036000
1790370644.993 2064000 3036000 3036000
1790370645.045 1332000 1056000 1980000
1790370645.099 1332000 600000 600000
1790370645.153 972000 600000 600000
1790370645.208 972000 600000 600000
1790370645.262 972000 600000 600000
1790370645.316 600000 600000 600000
1790370645.370 2064000 3036000 3036000
1790370645.423 2064000 3036000 3036000
1790370645.476 1332000 1980000 600000
1790370645.529 972000 600000 600000
1790370645.583 972000 1980000 1056000
1790370645.637 600000 1980000 1056000
1790370645.692 600000 1980000 1056000
1790370645.749 600000 1980000 600000
1790370645.804 2064000 3036000 3036000
1790370645.856 2064000 3036000 3036000
1790370645.909 1332000 1056000 1980000
1790370645.963 1332000 1980000 1056000
1790370646.017 1332000 600000 600000
1790370646.071 1332000 1980000 1056000
1790370646.126 972000 1980000 1056000
1790370646.182 972000 1056000 600000
1790370646.237 2064000 3036000 3036000
1790370646.289 2064000 3036000 3036000
1790370646.342 1332000 600000 600000
1790370646.395 972000 1752000 1752000
1790370646.449 972000 1980000 1056000
1790370646.503 972000 2448000 600000
1790370646.557 600000 600000 1056000
1790370646.612 600000 2208000 1056000
1790370646.667 600000 600000 1056000
1790370646.721 2064000 3036000 3036000
1790370646.773 2064000 3036000 1056000
1790370646.827 972000 1980000 1980000
1790370646.881 972000 1980000 1980000
1790370646.935 972000 1980000 1056000
1790370646.990 972000 1980000 1056000
1790370647.044 972000 1980000 600000
1790370647.098 972000 1980000 1980000
1790370647.152 2064000 3036000 3036000
1790370647.205 2064000 3036000 3036000
1790370647.258 1332000 1296000 600000
1790370647.311 972000 1980000 1056000
1790370647.365 600000 1980000 1980000
1790370647.420 972000 600000 600000
1790370647.474 600000 1980000 1980000
1790370647.528 600000 600000 1056000
1790370647.583 2064000 3036000 3036000
1790370647.635 2064000 3036000 3036000
1790370647.688 1332000 1980000 1056000
1790370647.742 1332000 1980000 1980000
1790370647.796 972000 1980000 1056000
1790370647.850 972000 1980000 1980000
1790370647.904 972000 600000 600000
1790370647.958 600000 600000 600000
1790370648.013 2064000 3036000 3036000
1790370648.065 2064000 3036000 3036000
1790370648.118 1332000 600000 600000
1790370648.172 1332000 600000 600000
1790370648.225 972000 600000 1980000
1790370648.279 972000 1752000 600000
1790370648.333 600000 1980000 1980000
1790370648.388 600000 600000 1056000
1790370648.443 2064000 3036000 3036000
1790370648.495 2064000 3036000 3036000
1790370648.548 1332000 600000 600000
1790370648.601 1332000 1296000 1980000
1790370648.655 972000 1056000 600000
1790370648.709 972000 1980000 1056000
1790370648.763 600000 1056000 600000
1790370648.818 600000 1980000 600000
1790370648.872 2064000 3036000 3036000
1790370648.925 2064000 3036000 3036000
1790370648.977 1332000 1056000 1980000
1790370649.031 1332000 1980000 1980000
1790370649.085 1332000 600000 1980000
1790370649.139 972000 1980000 1980000
1790370649.193 972000 600000 600000
1790370649.246 600000 1296000 1980000
1790370649.301 600000 600000 600000
1790370649.357 2064000 3036000 3036000
1790370649.409 2064000 3036000 3036000
1790370649.462 1332000 1980000 1980000
1790370649.516 972000 1056000 1980000
1790370649.570 972000 600000 600000
1790370649.624 600000 1980000 1980000
1790370649.681 972000 600000 1980000
1790370649.736 600000 1980000 1980000
1790370649.790 2064000 3036000 3036000
1790370649.842 2064000 3036000 3036000
1790370649.895 1332000 600000 600000
1790370649.949 972000 600000 600000
1790370650.004 972000 1056000 1980000
1790370650.058 600000 600000 600000
1790370650.113 600000 600000 1980000
1790370650.168 600000 600000 600000
1790370650.222 2064000 3036000 3036000
1790370650.275 2064000 3036000 3036000
1790370650.327 1704000 1980000 1524000
1790370650.381 1704000 1980000 1296000
1790370650.434 1332000 1980000 1056000
1790370650.488 1332000 1980000 2448000
1790370650.541 972000 1980000 2676000
1790370650.595 972000 1980000 1980000
1790370650.650 2064000 3036000 3036000
1790370650.702 2064000 3036000 3036000
1790370650.755 1332000 600000 600000
1790370650.809 1332000 600000 1980000
1790370650.863 972000 600000 600000
1790370650.917 972000 600000 600000
1790370650.971 972000 1980000 1980000
1790370651.025 972000 600000 600000
1790370651.079 2064000 3036000 3036000
1790370651.131 2064000 3036000 3036000
1790370651.184 1332000 1980000 1056000
1790370651.238 1332000 1296000 1980000
1790370651.292 972000 600000 600000
1790370651.345 972000 600000 600000
1790370651.399 600000 1980000 1056000
1790370651.454 600000 1980000 1056000
1790370651.510 600000 1980000 1980000
1790370651.564 2064000 3036000 3036000
1790370651.616 1332000 600000 600000
1790370651.670 1332000 600000 600000
1790370651.724 972000 600000 600000
1790370651.779 972000 1056000 1980000
1790370651.833 972000 1980000 600000
1790370651.887 600000 1980000 600000
1790370651.943 600000 1980000 600000
1790370652.005 2064000 3036000 3036000
1790370652.057 1332000 1056000 1980000
1790370652.111 1332000 1980000 1056000
1790370652.165 972000 1980000 1980000
1790370652.219 972000 600000 1056000
1790370652.273 600000 1056000 600000
1790370652.328 600000 600000 600000
1790370652.383 600000 600000 600000
1790370652.437 2064000 3036000 3036000
1790370652.490 2064000 3036000 3036000
1790370652.542 972000 1056000 1980000
1790370652.596 972000 1296000 1752000
1790370652.650 972000 600000 600000
1790370652.704 600000 1056000 1980000
1790370652.760 600000 600000 600000
1790370652.814 600000 1056000 1980000
1790370652.869 2064000 3036000 3036000
1790370652.922 2064000 3036000 3036000
1790370652.974 1332000 1980000 1056000
1790370653.029 972000 1980000 1980000
1790370653.083 972000 1056000 1980000
1790370653.137 972000 600000 600000
1790370653.191 600000 1980000 1056000
1790370653.246 600000 600000 600000
1790370653.301 972000 1056000 600000
1790370653.355 600000 1752000 1056000
1790370653.409 1704000 3036000 1056000
1790370653.464 600000 3036000 1980000
