1790370599.084 2064000 1980000 1980000
1790370599.136 1332000 3036000 1752000
1790370599.190 600000 3036000 1524000
1790370599.244 600000 3036000 1296000
1790370599.298 600000 3036000 2448000
1790370599.350 600000 1524000 3036000
1790370599.403 600000 1980000 3036000
1790370599.456 600000 1980000 3036000
1790370599.508 600000 1980000 3036000
1790370599.561 600000 1980000 3036000
1790370599.614 600000 1980000 3036000
1790370599.666 600000 1980000 3036000
1790370599.719 2064000 3036000 3036000
1790370599.772 2064000 3036000 3036000
1790370599.825 1704000 2676000 2676000
1790370599.878 600000 2448000 2448000
1790370599.934 600000 2208000 2208000
1790370599.992 600000 1980000 1980000
1790370600.045 600000 1752000 1056000
1790370600.100 2064000 1752000 1980000
1790370600.154 972000 1056000 2208000
1790370600.207 600000 1980000 3036000
1790370600.260 600000 1980000 3036000
1790370600.312 600000 1980000 3036000
