1790370600.384 1332000 2904000 2676000
1790370600.436 600000 3036000 2676000
1790370600.488 600000 3036000 2208000
1790370600.541 600000 3036000 1980000
1790370600.594 600000 1752000 2676000
1790370600.648 600000 1056000 3036000
1790370600.702 600000 1056000 3036000
1790370600.755 600000 1056000 3036000
1790370600.808 600000 1056000 3036000
1790370600.861 600000 1752000 3036000
1790370600.913 600000 1980000 3036000
1790370600.965 600000 1980000 3036000
1790370601.018 2064000 3036000 3036000
1790370601.070 2064000 3036000 3036000
1790370601.122 600000 2676000 2676000
1790370601.177 600000 2448000 1056000
1790370601.231 600000 2208000 2208000
1790370601.285 600000 1056000 1980000
1790370601.339 600000 1056000 1752000
1790370601.394 600000 1296000 1752000
1790370601.448 2064000 3036000 3036000
1790370601.500 2064000 3036000 3036000
1790370601.552 1704000 1752000 1056000
1790370601.606 1332000 1980000 1056000
1790370601.660 1332000 1980000 600000
1790370601.714 972000 1980000 600000
1790370601.768 972000 1056000 1980000
1790370601.823 972000 1056000 1980000
1790370601.877 2064000 3036000 3036000
1790370601.929 2064000 3036000 3036000
1790370601.982 1332000 1056000 1980000
1790370602.035 1332000 600000 600000
1790370602.089 972000 1056000 1980000
1790370602.144 972000 1056000 1980000
1790370602.198 600000 1980000 1056000
1790370602.253 600000 1980000 1980000
1790370602.308 2064000 3036000 3036000
1790370602.360 2064000 3036000 3036000
1790370602.413 1332000 1980000 1056000
1790370602.466 1332000 1980000 1980000
1790370602.520 972000 1980000 1056000
1790370602.575 600000 1980000 1056000
1790370602.629 600000 1980000 1980000
1790370602.686 600000 1980000 1980000
1790370602.740 2064000 3036000 3036000
1790370602.792 2064000 3036000 3036000
1790370602.845 2064000 3036000 3036000
1790370602.898 972000 1980000 600000
1790370602.951 972000 1980000 1752000
1790370603.005 972000 1980000 600000
1790370603.059 600000 1980000 1056000
1790370603.114 600000 1980000 1056000
1790370603.169 600000 1980000 600000
1790370603.224 2064000 3036000 3036000
1790370603.276 2064000 3036000 3036000
1790370603.328 1332000 1296000 1752000
1790370603.382 972000 1980000 1752000
1790370603.437 972000 1980000 1056000
1790370603.491 972000 1056000 600000
1790370603.546 600000 1056000 1980000
1790370603.606 600000 600000 600000
1790370603.660 2064000 3036000 3036000
1790370603.713 2064000 3036000 3036000
1790370603.765 1332000 600000 600000
1790370603.819 1332000 1296000 1752000
1790370603.872 972000 600000 600000
1790370603.926 972000 1056000 1980000
1790370603.981 972000 1056000 1980000
1790370604.035 600000 1980000 1056000
1790370604.090 2064000 3036000 3036000
1790370604.142 2064000 3036000 3036000
1790370604.195 1332000 600000 600000
1790370604.248 972000 1980000 600000
1790370604.302 972000 1752000 1980000
1790370604.357 600000 1980000 1056000
1790370604.412 600000 1980000 1980000
1790370604.466 600000 1980000 1056000
1790370604.521 2064000 3036000 3036000
1790370604.573 2064000 3036000 3036000
1790370604.625 1332000 1980000 1056000
1790370604.679 1332000 1980000 1056000
1790370604.734 972000 1980000 1980000
1790370604.788 600000 1056000 1980000
1790370604.843 600000 600000 600000
1790370604.897 600000 600000 600000
1790370604.952 2064000 3036000 3036000
1790370605.004 2064000 3036000 3036000
1790370605.056 1332000 600000 600000
1790370605.110 972000 600000 600000
1790370605.164 972000 1056000 1980000
1790370605.218 972000 600000 1980000
1790370605.273 600000 600000 600000
1790370605.327 600000 1980000 1980000
1790370605.382 2064000 3036000 3036000
1790370605.434 2064000 3036000 3036000
1790370605.487 1332000 1056000 1980000
1790370605.540 972000 1980000 1056000
1790370605.594 972000 1980000 600000
1790370605.648 972000 1980000 1056000
1790370605.702 600000 1980000 1056000
1790370605.759 600000 1980000 1980000
1790370605.813 600000 600000 1056000
1790370605.868 2064000 3036000 3036000
1790370605.920 2064000 3036000 3036000
1790370605.973 1332000 1056000 1980000
1790370606.027 972000 1980000 1980000
1790370606.081 972000 1980000 1056000
1790370606.135 972000 1980000 1056000
1790370606.189 600000 1980000 1056000
1790370606.245 600000 1980000 1980000
1790370606.299 2064000 3036000 3036000
1790370606.351 2064000 3036000 3036000
1790370606.404 1332000 1980000 1296000
1790370606.457 1332000 1296000 1056000
1790370606.512 1332000 1524000 1980000
1790370606.566 972000 600000 1980000
1790370606.619 972000 1056000 1980000
1790370606.673 600000 1980000 1056000
1790370606.728 2064000 3036000 3036000
1790370606.780 2064000 3036000 3036000
1790370606.833 1704000 600000 1980000
1790370606.886 972000 1056000 1980000
1790370606.941 972000 600000 600000
1790370606.997 972000 1980000 600000
1790370607.051 600000 600000 1056000
1790370607.106 600000 1980000 600000
1790370607.161 2064000 3036000 3036000
1790370607.213 2064000 3036000 3036000
1790370607.265 972000 1980000 1980000
1790370607.319 972000 1056000 1980000
1790370607.373 600000 1980000 600000
1790370607.428 600000 600000 1056000
1790370607.483 600000 1980000 600000
1790370607.538 600000 600000 600000
1790370607.593 2064000 3036000 3036000
1790370607.645 2064000 3036000 3036000
1790370607.697 1332000 600000 1980000
1790370607.751 972000 600000 600000
1790370607.806 972000 1056000 1980000
1790370607.860 972000 600000 1980000
1790370607.914 600000 600000 600000
1790370607.969 600000 600000 1056000
1790370608.024 2064000 3036000 3036000
1790370608.076 2064000 3036000 3036000
1790370608.129 1704000 1056000 1980000
1790370608.183 1332000 600000 600000
1790370608.237 972000 600000 600000
1790370608.290 972000 600000 600000
1790370608.345 600000 600000 600000
1790370608.399 600000 1980000 600000
1790370608.454 600000 1056000 1296000
1790370608.507 2064000 3036000 3036000
1790370608.560 1332000 600000 600000
1790370608.614 1332000 600000 600000
1790370608.667 972000 1980000 1056000
1790370608.722 972000 1980000 1056000
1790370608.776 972000 1980000 1980000
1790370608.830 972000 1056000 1980000
1790370608.884 972000 600000 1056000
1790370608.938 2064000 3036000 3036000
1790370608.990 2064000 3036000 3036000
1790370609.042 1332000 600000 600000
1790370609.096 972000 1980000 1056000
1790370609.150 1332000 1980000 1980000
1790370609.203 972000 1980000 1980000
1790370609.257 972000 600000 600000
1790370609.311 600000 600000 600000
1790370609.365 2064000 3036000 3036000
1790370609.418 2064000 3036000 3036000
1790370609.470 1704000 1056000 1980000
1790370609.524 1332000 1056000 1980000
1790370609.578 1332000 1056000 1980000
1790370609.632 972000 1056000 1980000
1790370609.686 972000 1056000 600000
1790370609.741 600000 600000 600000
1790370609.795 2064000 3036000 3036000
1790370609.848 2064000 3036000 3036000
1790370609.900 1332000 1056000 1980000
1790370609.954 1332000 1980000 1056000
1790370610.008 1332000 1980000 1056000
1790370610.062 1704000 600000 600000
1790370610.116 972000 1056000 1980000
1790370610.170 600000 1980000 1056000
1790370610.224 2064000 3036000 3036000
1790370610.277 2064000 3036000 3036000
1790370610.329 1332000 1980000 1056000
1790370610.383 1332000 1056000 1980000
1790370610.436 972000 1980000 2904000
1790370610.489 972000 1056000 828000
1790370610.543 972000 1056000 2208000
1790370610.597 600000 1056000 1980000
1790370610.652 600000 1980000 1056000
1790370610.709 2064000 3036000 3036000
1790370610.761 2064000 3036000 3036000
1790370610.814 1332000 1980000 1056000
1790370610.868 1704000 1056000 1980000
1790370610.922 972000 1296000 1980000
1790370610.976 972000 1296000 1980000
1790370611.030 600000 600000 600000
1790370611.084 600000 600000 600000
1790370611.139 2064000 3036000 3036000
1790370611.191 2064000 3036000 3036000
1790370611.244 1332000 1056000 1980000
1790370611.298 1332000 600000 600000
1790370611.351 972000 1056000 1980000
1790370611.405 972000 1056000 1980000
1790370611.460 600000 1056000 1980000
1790370611.514 600000 1056000 1980000
1790370611.570 2064000 3036000 3036000
1790370611.622 2064000 3036000 3036000
1790370611.675 1332000 1056000 600000
1790370611.729 1332000 1980000 1980000
1790370611.783 972000 1980000 600000
1790370611.837 972000 1980000 600000
1790370611.891 600000 1980000 1056000
1790370611.946 972000 1980000 1056000
1790370612.004 2064000 3036000 3036000
1790370612.056 2064000 3036000 3036000
1790370612.109 1332000 1980000 600000
1790370612.162 972000 600000 600000
1790370612.216 972000 1980000 3036000
1790370612.270 972000 1980000 600000
1790370612.325 972000 600000 600000
1790370612.379 600000 600000 600000
1790370612.433 2064000 3036000 3036000
1790370612.485 2064000 3036000 3036000
1790370612.538 1704000 2208000 1056000
1790370612.591 1332000 1980000 1056000
1790370612.645 1332000 1980000 1056000
1790370612.699 972000 1980000 600000
1790370612.753 972000 600000 600000
1790370612.807 972000 1980000 1056000
1790370612.861 2064000 3036000 3036000
1790370612.914 2064000 3036000 3036000
1790370612.967 1704000 1980000 1056000
1790370613.021 1332000 1980000 1980000
1790370613.074 1332000 1056000 1980000
1790370613.128 1332000 600000 600000
1790370613.182 1332000 600000 600000
1790370613.235 972000 1056000 1980000
1790370613.289 972000 600000 1056000
1790370613.343 2064000 3036000 3036000
1790370613.396 2064000 3036000 3036000
1790370613.448 1332000 1980000 1056000
1790370613.502 1332000 1980000 1056000
1790370613.556 972000 1056000 600000
1790370613.610 972000 1056000 1980000
1790370613.665 600000 1980000 1980000
1790370613.720 600000 600000 600000
1790370613.774 2064000 3036000 3036000
1790370613.826 2064000 3036000 3036000
1790370613.879 1332000 1980000 1056000
1790370613.933 1704000 1056000 1056000
1790370613.991 1332000 1056000 1980000
1790370614.045 972000 600000 600000
1790370614.099 972000 1056000 1980000
1790370614.153 972000 600000 1056000
1790370614.207 2064000 3036000 3036000
1790370614.259 2064000 3036000 3036000
1790370614.312 972000 600000 600000
1790370614.366 1332000 600000 1980000
1790370614.419 972000 1296000 1980000
1790370614.473 2064000 600000 1056000
1790370614.527 2064000 1980000 1296000
1790370614.580 2064000 1980000 1056000
1790370614.634 2064000 3036000 3036000
1790370614.686 2064000 3036000 3036000
1790370614.738 1704000 1056000 600000
1790370614.792 1332000 1980000 1056000
1790370614.846 1332000 1980000 1056000
1790370614.900 1332000 1980000 1980000
1790370614.954 972000 1980000 1980000
1790370615.008 972000 1056000 1980000
1790370615.062 972000 600000 600000
1790370615.117 600000 1752000 1056000
1790370615.171 1704000 2904000 1056000
1790370615.226 600000 3036000 1980000
1790370615.279 600000 3036000 1980000
