1790370653.550 1704000 1980000 1980000
1790370653.603 1704000 2448000 1056000
1790370653.657 600000 3036000 1980000
1790370653.710 600000 2904000 3036000
1790370653.763 600000 3036000 1980000
1790370653.816 600000 600000 3036000
1790370653.871 600000 600000 3036000
1790370653.925 600000 600000 3036000
1790370653.980 600000 600000 3036000
1790370654.034 600000 600000 3036000
1790370654.089 600000 1980000 3036000
1790370654.143 600000 3036000 1980000
1790370654.196 600000 3036000 1056000
1790370654.250 600000 3036000 1056000
1790370654.305 2064000 3036000 3036000
1790370654.357 2064000 3036000 3036000
1790370654.410 2064000 3036000 3036000
1790370654.463 2064000 3036000 3036000
1790370654.516 2064000 3036000 3036000
1790370654.569 2064000 3036000 3036000
1790370654.621 2064000 3036000 3036000
1790370654.674 2064000 3036000 3036000
1790370654.726 2064000 3036000 3036000
1790370654.779 2064000 3036000 3036000
1790370654.831 2064000 3036000 3036000
1790370654.884 2064000 3036000 3036000
1790370654.937 2064000 3036000 3036000
1790370654.990 2064000 3036000 3036000
1790370655.043 2064000 3036000 3036000
1790370655.097 2064000 3036000 3036000
1790370655.149 2064000 3036000 3036000
1790370655.202 2064000 3036000 3036000
1790370655.255 2064000 3036000 3036000
1790370655.307 2064000 3036000 3036000
1790370655.360 2064000 3036000 3036000
1790370655.413 600000 2904000 1056000
1790370655.468 1332000 1056000 1980000
1790370655.522 1332000 600000 600000
1790370655.576 600000 600000 600000
1790370655.631 600000 1980000 1056000
1790370655.687 600000 1980000 1980000
1790370655.743 600000 600000 1980000
1790370655.798 600000 1980000 1056000
1790370655.854 600000 1980000 1056000
1790370655.910 600000 1980000 1980000
1790370655.966 1332000 600000 600000
1790370656.020 600000 2448000 1056000
1790370656.074 600000 3036000 1980000
1790370656.127 600000 1056000 600000
