1790370656.215 1704000 3036000 2676000
1790370656.268 972000 3036000 1056000
1790370656.321 600000 3036000 1980000
1790370656.374 600000 3036000 1980000
1790370656.427 600000 2904000 2448000
1790370656.481 600000 1980000 3036000
1790370656.534 600000 1980000 3036000
1790370656.586 600000 1056000 3036000
1790370656.639 600000 2208000 3036000
1790370656.691 600000 828000 3036000
1790370656.744 600000 1980000 3036000
1790370656.797 600000 1980000 3036000
1790370656.849 600000 3036000 3036000
1790370656.901 600000 2904000 2904000
1790370656.956 600000 1056000 2676000
1790370657.011 600000 2448000 1056000
1790370657.066 600000 2448000 3036000
1790370657.120 600000 1980000 1980000
1790370657.174 600000 1752000 1752000
1790370657.228 2064000 1524000 1524000
1790370657.281 600000 1980000 1056000
1790370657.336 600000 3036000 1980000
1790370657.389 600000 3036000 1980000
1790370657.440 600000 3036000 1980000
