1790370710.536 1704000 1056000 1980000
1790370710.589 600000 2904000 2448000
1790370710.642 600000 1980000 3036000
1790370710.696 972000 2208000 2904000
1790370710.749 600000 1980000 3036000
1790370710.801 600000 3036000 1980000
1790370710.854 600000 3036000 1980000
1790370710.907 600000 3036000 1980000
1790370710.960 600000 3036000 1980000
1790370711.012 600000 3036000 1980000
1790370711.065 600000 3036000 1980000
1790370711.117 600000 3036000 1056000
1790370711.170 600000 1980000 3036000
1790370711.222 600000 1980000 3036000
1790370711.275 600000 3036000 3036000
1790370711.328 1332000 1056000 2676000
1790370711.383 1704000 1056000 1980000
1790370711.438 1332000 600000 600000
1790370711.492 972000 1980000 1980000
1790370711.546 972000 1980000 1056000
1790370711.601 972000 1980000 1980000
1790370711.655 972000 1980000 1056000
1790370711.710 972000 1980000 1056000
1790370711.765 972000 1980000 1056000
1790370711.820 972000 1980000 1056000
1790370711.874 972000 1980000 1056000
1790370711.930 972000 1980000 1056000
1790370711.984 972000 1980000 1056000
1790370712.039 972000 1980000 1056000
1790370712.094 972000 600000 600000
1790370712.148 972000 1980000 1056000
1790370712.203 1332000 600000 600000
1790370712.257 972000 1980000 1056000
1790370712.313 972000 1980000 600000
1790370712.369 972000 600000 600000
1790370712.424 972000 1980000 1056000
1790370712.479 1332000 1980000 600000
1790370712.533 600000 1980000 1056000
1790370712.588 600000 3036000 3036000
1790370712.642 600000 2676000 600000
1790370712.696 972000 1056000 600000
1790370712.751 600000 1056000 600000
1790370712.806 600000 1980000 1056000
1790370712.862 600000 1980000 1056000
1790370712.917 600000 1980000 600000
1790370712.973 600000 600000 600000
1790370713.027 600000 1056000 1980000
1790370713.082 600000 1980000 1056000
1790370713.137 600000 1980000 1980000
1790370713.192 1332000 1980000 1980000
1790370713.246 600000 1056000 2208000
1790370713.300 600000 1056000 2904000
1790370713.355 600000 1980000 1056000
