1790370657.498 1332000 2676000 1980000
1790370657.551 600000 1296000 3036000
1790370657.604 600000 1056000 3036000
1790370657.657 600000 1056000 3036000
1790370657.710 600000 1980000 2676000
1790370657.764 600000 3036000 2208000
1790370657.817 600000 3036000 1980000
1790370657.869 600000 3036000 1980000
1790370657.921 600000 3036000 1980000
1790370657.974 600000 3036000 1980000
1790370658.026 600000 3036000 1980000
1790370658.078 600000 3036000 1980000
1790370658.131 600000 3036000 1980000
1790370658.184 600000 1056000 3036000
1790370658.239 972000 2676000 1056000
1790370658.294 600000 2676000 1056000
1790370658.349 1332000 2208000 2208000
1790370658.403 600000 1980000 1980000
1790370658.457 1704000 1752000 1752000
1790370658.511 600000 1752000 1752000
1790370658.564 2064000 1980000 1980000
1790370658.617 1704000 1056000 1980000
1790370658.671 1704000 600000 600000
1790370658.726 1332000 600000 600000
1790370658.779 1332000 1056000 1980000
1790370658.834 972000 600000 1980000
1790370658.888 972000 600000 600000
1790370658.942 600000 1980000 1056000
1790370659.006 600000 600000 600000
1790370659.061 600000 1056000 1980000
1790370659.116 600000 600000 1056000
1790370659.171 600000 1980000 600000
1790370659.226 600000 1056000 1980000
1790370659.281 600000 600000 1056000
1790370659.336 600000 1980000 1980000
1790370659.390 600000 1056000 1980000
1790370659.446 600000 600000 1056000
1790370659.501 600000 1980000 600000
1790370659.560 600000 600000 600000
1790370659.615 600000 1056000 1980000
1790370659.671 600000 1056000 1980000
1790370659.726 600000 600000 600000
1790370659.781 600000 600000 600000
1790370659.835 600000 600000 600000
1790370659.890 600000 1980000 1056000
1790370659.946 600000 1980000 1980000
1790370660.008 600000 600000 600000
1790370660.063 600000 600000 600000
1790370660.117 600000 1980000 1056000
1790370660.172 600000 600000 600000
1790370660.227 600000 1980000 1056000
1790370660.282 600000 600000 600000
1790370660.337 600000 600000 600000
1790370660.392 600000 600000 1056000
1790370660.447 600000 1980000 600000
1790370660.501 600000 1980000 2904000
1790370660.555 600000 1980000 1056000
1790370660.611 600000 1980000 1980000
1790370660.665 600000 1056000 1980000
1790370660.721 600000 600000 600000
1790370660.777 600000 1980000 1056000
1790370660.839 600000 1980000 1056000
1790370660.895 600000 600000 600000
1790370660.953 1332000 1980000 1056000
1790370661.010 600000 1980000 1980000
1790370661.065 600000 1056000 1980000
1790370661.120 600000 1056000 1980000
1790370661.178 600000 1980000 600000
1790370661.237 600000 1056000 600000
1790370661.293 600000 1980000 1056000
1790370661.352 600000 1056000 1980000
1790370661.411 600000 1980000 1056000
1790370661.466 600000 600000 600000
1790370661.521 600000 1980000 1056000
1790370661.576 600000 1980000 1056000
1790370661.632 600000 1980000 1056000
1790370661.690 600000 600000 600000
1790370661.746 600000 1980000 1980000
1790370661.801 600000 600000 600000
1790370661.856 600000 600000 600000
1790370661.911 600000 1056000 1980000
1790370661.967 600000 600000 600000
1790370662.022 600000 1980000 1056000
1790370662.079 600000 1980000 1056000
1790370662.135 600000 1980000 1056000
1790370662.190 600000 1980000 1056000
1790370662.246 600000 1980000 1056000
1790370662.301 600000 1056000 600000
1790370662.357 600000 600000 600000
1790370662.414 600000 1296000 1980000
1790370662.469 600000 600000 1056000
1790370662.525 600000 1296000 1056000
1790370662.579 600000 2448000 1980000
1790370662.633 600000 600000 600000
1790370662.688 600000 1980000 1980000
1790370662.743 600000 1980000 1056000
1790370662.798 600000 1980000 1056000
1790370662.853 600000 1980000 1056000
1790370662.908 600000 1980000 1056000
1790370662.963 600000 600000 1056000
1790370663.018 600000 1980000 1980000
1790370663.073 600000 1980000 1056000
1790370663.129 600000 1980000 1056000
1790370663.185 600000 1980000 1980000
1790370663.245 600000 600000 600000
1790370663.300 600000 1980000 1980000
1790370663.355 600000 1980000 1980000
1790370663.410 600000 1980000 1056000
1790370663.465 600000 1980000 1980000
1790370663.519 600000 600000 600000
1790370663.574 600000 600000 1056000
1790370663.629 600000 1980000 1056000
1790370663.684 600000 1980000 1056000
1790370663.738 600000 1980000 1980000
1790370663.793 600000 1980000 1056000
1790370663.848 600000 1980000 1056000
1790370663.903 600000 1980000 600000
1790370663.958 600000 1056000 1980000
1790370664.014 600000 600000 600000
1790370664.069 600000 600000 1056000
1790370664.124 600000 600000 600000
1790370664.179 600000 600000 600000
1790370664.233 600000 1980000 1980000
1790370664.288 600000 1056000 1980000
1790370664.344 600000 600000 600000
1790370664.399 600000 1980000 1980000
1790370664.453 600000 600000 1056000
1790370664.508 600000 1752000 1056000
1790370664.562 600000 600000 1056000
1790370664.617 600000 2208000 1056000
1790370664.673 600000 1980000 1056000
1790370664.728 600000 1980000 1056000
1790370664.783 600000 1980000 1980000
1790370664.838 600000 1056000 1980000
1790370664.893 600000 1056000 1980000
1790370664.952 600000 1980000 1980000
1790370665.007 600000 600000 600000
1790370665.061 600000 1056000 1980000
1790370665.117 600000 600000 600000
1790370665.171 600000 1980000 1056000
1790370665.227 600000 1980000 600000
1790370665.282 600000 600000 600000
1790370665.337 600000 1980000 1056000
1790370665.392 600000 600000 600000
1790370665.447 600000 600000 600000
1790370665.502 600000 600000 600000
1790370665.557 600000 1056000 1980000
1790370665.612 600000 600000 1056000
1790370665.667 600000 600000 1056000
1790370665.722 600000 1980000 1056000
1790370665.777 600000 1980000 1980000
1790370665.831 600000 600000 600000
1790370665.886 600000 600000 600000
1790370665.942 600000 1056000 600000
1790370666.004 600000 1980000 600000
1790370666.060 600000 1056000 1980000
1790370666.115 600000 600000 600000
1790370666.169 600000 1056000 1980000
1790370666.225 600000 1056000 1980000
1790370666.280 600000 600000 600000
1790370666.334 600000 1980000 1056000
1790370666.390 600000 1980000 1056000
1790370666.445 600000 600000 600000
1790370666.500 600000 600000 600000
1790370666.555 600000 828000 600000
1790370666.609 600000 2208000 1056000
1790370666.664 600000 1980000 1056000
1790370666.720 600000 1980000 1056000
1790370666.775 600000 1056000 1980000
1790370666.834 600000 1980000 1056000
1790370666.889 600000 1980000 1056000
1790370666.949 600000 1296000 600000
1790370667.005 972000 1980000 1980000
1790370667.060 600000 1980000 1980000
1790370667.115 600000 1980000 1056000
1790370667.170 600000 1980000 1980000
1790370667.224 600000 600000 600000
1790370667.279 600000 1056000 1980000
1790370667.335 600000 1980000 600000
1790370667.390 600000 600000 600000
1790370667.445 600000 600000 600000
1790370667.500 600000 600000 1056000
1790370667.555 600000 1980000 1056000
1790370667.610 600000 1980000 600000
1790370667.665 600000 600000 1056000
1790370667.720 600000 1980000 1056000
1790370667.775 600000 1980000 1056000
1790370667.831 600000 1980000 1056000
1790370667.886 600000 1980000 1980000
1790370667.941 972000 1980000 1056000
1790370667.998 600000 1980000 1056000
1790370668.055 600000 1980000 1056000
1790370668.111 600000 600000 600000
1790370668.167 600000 1056000 1980000
1790370668.224 600000 1056000 600000
1790370668.280 600000 1980000 600000
1790370668.336 600000 1980000 1056000
1790370668.395 600000 600000 1056000
1790370668.452 600000 1980000 1056000
1790370668.508 600000 1980000 1980000
1790370668.567 600000 1056000 1056000
1790370668.622 600000 600000 600000
1790370668.677 600000 1056000 1980000
1790370668.733 600000 600000 600000
1790370668.788 600000 1056000 1980000
1790370668.844 600000 600000 600000
1790370668.903 600000 1980000 1056000
1790370668.960 600000 1980000 600000
1790370669.018 600000 1980000 1980000
1790370669.073 600000 600000 1056000
1790370669.132 600000 1980000 1056000
1790370669.187 600000 1980000 1056000
1790370669.242 600000 1980000 1056000
1790370669.297 600000 1056000 600000
1790370669.352 600000 1980000 1056000
1790370669.407 600000 1980000 600000
1790370669.462 600000 600000 600000
1790370669.517 600000 1056000 600000
1790370669.572 600000 600000 600000
1790370669.627 600000 600000 1056000
1790370669.682 600000 1980000 600000
1790370669.737 600000 1056000 1980000
1790370669.792 600000 600000 600000
1790370669.847 600000 1056000 1980000
1790370669.902 600000 1056000 1980000
1790370669.957 600000 1980000 600000
1790370670.012 600000 600000 600000
1790370670.067 600000 1056000 1980000
1790370670.123 600000 600000 600000
1790370670.177 600000 1980000 1980000
1790370670.232 600000 600000 1056000
1790370670.287 600000 1980000 600000
1790370670.342 600000 1980000 600000
1790370670.397 600000 600000 1056000
1790370670.452 600000 600000 600000
1790370670.507 600000 600000 1056000
1790370670.563 600000 2676000 1056000
1790370670.618 600000 2208000 1056000
1790370670.673 600000 1980000 1056000
1790370670.728 600000 1980000 1056000
1790370670.783 972000 1056000 1980000
1790370670.838 972000 1056000 1980000
1790370670.893 972000 600000 600000
1790370670.947 972000 1980000 1980000
1790370671.009 972000 1296000 1980000
1790370671.063 600000 600000 600000
1790370671.118 600000 1056000 1980000
1790370671.174 600000 600000 600000
1790370671.228 600000 1980000 1980000
1790370671.283 600000 1980000 1980000
1790370671.338 600000 600000 600000
1790370671.393 600000 600000 600000
1790370671.448 600000 600000 600000
1790370671.503 600000 600000 1056000
1790370671.558 600000 1980000 1056000
1790370671.613 600000 1980000 1980000
1790370671.667 600000 1056000 1980000
1790370671.723 600000 600000 600000
1790370671.778 600000 1980000 1980000
1790370671.832 600000 600000 600000
1790370671.887 600000 600000 600000
1790370671.943 600000 1056000 1980000
1790370672.001 600000 1980000 1056000
1790370672.057 600000 600000 1056000
1790370672.113 600000 1980000 1056000
1790370672.170 600000 1980000 1056000
1790370672.228 1704000 1980000 1056000
1790370672.282 600000 1056000 2448000
1790370672.337 600000 1980000 3036000
1790370672.389 600000 1980000 3036000
