1790370691.635 1704000 1980000 1056000
1790370691.688 600000 2448000 1296000
1790370691.742 600000 3036000 1980000
1790370691.796 600000 3036000 2208000
1790370691.850 600000 3036000 2208000
1790370691.902 600000 3036000 1980000
1790370691.955 600000 3036000 1980000
1790370692.007 600000 3036000 1980000
1790370692.060 600000 1980000 3036000
1790370692.113 600000 1980000 3036000
1790370692.166 600000 1980000 3036000
1790370692.218 600000 1980000 3036000
1790370692.271 600000 1980000 3036000
1790370692.324 600000 1980000 3036000
1790370692.377 2064000 3036000 3036000
1790370692.429 2064000 3036000 3036000
1790370692.481 2064000 3036000 3036000
1790370692.535 2064000 3036000 3036000
1790370692.587 2064000 3036000 3036000
1790370692.640 2064000 3036000 3036000
1790370692.692 2064000 3036000 3036000
1790370692.745 2064000 3036000 3036000
1790370692.799 2064000 3036000 3036000
1790370692.852 2064000 3036000 3036000
1790370692.904 2064000 3036000 3036000
1790370692.958 2064000 3036000 3036000
1790370693.012 2064000 3036000 3036000
1790370693.064 2064000 3036000 3036000
1790370693.117 2064000 3036000 3036000
1790370693.169 2064000 3036000 3036000
1790370693.222 2064000 3036000 3036000
1790370693.274 2064000 3036000 3036000
1790370693.327 2064000 3036000 3036000
1790370693.380 2064000 3036000 3036000
1790370693.432 2064000 3036000 3036000
1790370693.485 600000 2448000 1056000
1790370693.540 1704000 1980000 1056000
1790370693.594 972000 1980000 1056000
1790370693.649 600000 600000 600000
1790370693.704 600000 1980000 1056000
1790370693.760 600000 1980000 1056000
1790370693.815 600000 600000 600000
1790370693.870 600000 1980000 1980000
1790370693.926 600000 600000 1056000
1790370693.982 600000 1056000 600000
1790370694.040 972000 1980000 1056000
1790370694.095 600000 1980000 1056000
1790370694.150 600000 2904000 1056000
1790370694.206 600000 1056000 1980000
