1790370672.464 1704000 1056000 1980000
1790370672.518 1704000 2904000 2448000
1790370672.570 600000 1980000 3036000
1790370672.624 1704000 1524000 3036000
1790370672.677 600000 1980000 3036000
1790370672.730 600000 1980000 3036000
1790370672.782 600000 1980000 3036000
1790370672.835 600000 1980000 3036000
1790370672.888 600000 3036000 1980000
1790370672.940 600000 3036000 1980000
1790370672.993 600000 3036000 1980000
1790370673.046 600000 3036000 3036000
1790370673.098 600000 1980000 3036000
1790370673.151 600000 1980000 3036000
1790370673.204 600000 1980000 3036000
1790370673.257 2064000 2676000 1296000
1790370673.311 1704000 1056000 1980000
1790370673.366 972000 1056000 1980000
1790370673.420 972000 1980000 1056000
1790370673.475 972000 600000 3036000
1790370673.530 972000 1056000 1980000
1790370673.585 972000 600000 1980000
1790370673.643 972000 600000 1980000
1790370673.697 972000 1752000 1980000
1790370673.752 972000 1056000 1980000
1790370673.807 972000 600000 600000
1790370673.861 972000 1980000 1980000
1790370673.915 972000 1056000 1980000
1790370673.969 972000 1056000 1980000
1790370674.025 972000 1980000 1056000
1790370674.080 972000 1980000 1980000
1790370674.134 972000 1980000 1980000
1790370674.189 972000 1980000 600000
1790370674.246 1332000 1980000 1056000
1790370674.300 972000 1980000 600000
1790370674.357 972000 1980000 1056000
1790370674.411 1704000 1980000 1980000
1790370674.465 600000 1980000 1056000
1790370674.520 600000 3036000 1980000
1790370674.572 2064000 1296000 1056000
1790370674.626 972000 1980000 600000
1790370674.682 600000 1980000 1056000
1790370674.738 600000 600000 600000
1790370674.794 600000 600000 600000
1790370674.850 600000 1056000 600000
1790370674.905 600000 1980000 1056000
1790370674.961 600000 1980000 1056000
1790370675.017 600000 1980000 1056000
1790370675.073 600000 1980000 1980000
1790370675.131 1704000 600000 600000
1790370675.185 600000 2676000 1056000
1790370675.239 600000 3036000 1980000
1790370675.293 600000 600000 1056000
