1790370637.306 1704000 2448000 2904000
1790370637.358 1704000 1980000 3036000
1790370637.411 600000 1980000 3036000
1790370637.464 600000 1980000 3036000
1790370637.517 600000 1980000 2904000
1790370637.571 600000 3036000 2208000
1790370637.623 600000 3036000 1980000
1790370637.676 600000 3036000 1980000
1790370637.728 600000 3036000 1980000
1790370637.780 600000 3036000 1980000
1790370637.832 600000 3036000 1980000
1790370637.884 600000 3036000 1980000
1790370637.936 2064000 3036000 3036000
1790370637.988 2064000 3036000 3036000
1790370638.041 1704000 2676000 2676000
1790370638.095 600000 2448000 2448000
1790370638.149 1332000 2208000 2208000
1790370638.203 600000 1056000 1980000
1790370638.257 600000 1752000 1296000
1790370638.311 600000 1296000 2208000
1790370638.365 600000 1056000 2448000
1790370638.420 600000 1980000 3036000
1790370638.472 600000 1980000 3036000
1790370638.525 600000 1296000 3036000
