1790370618.025 2064000 2904000 2904000
1790370618.076 972000 1980000 3036000
1790370618.129 600000 1980000 3036000
1790370618.182 600000 1980000 3036000
1790370618.235 600000 2904000 1980000
1790370618.289 600000 3036000 2208000
1790370618.341 600000 3036000 1980000
1790370618.394 600000 3036000 1980000
1790370618.445 600000 3036000 1980000
1790370618.497 600000 3036000 1980000
1790370618.549 600000 3036000 1980000
1790370618.601 600000 3036000 1980000
1790370618.654 600000 3036000 3036000
1790370618.706 600000 1296000 2676000
1790370618.761 600000 1980000 2676000
1790370618.816 1332000 1056000 2208000
1790370618.871 600000 2208000 2208000
1790370618.925 1704000 1980000 1980000
1790370618.979 600000 1752000 1980000
1790370619.033 2064000 1752000 1056000
1790370619.087 600000 1056000 2676000
1790370619.142 600000 1056000 3036000
1790370619.195 600000 1980000 3036000
1790370619.248 600000 1980000 3036000
