1790370634.268 1704000 1980000 1980000
1790370634.321 600000 3036000 1980000
1790370634.374 600000 3036000 2448000
1790370634.427 600000 1296000 3036000
1790370634.480 600000 2676000 3036000
1790370634.532 600000 3036000 1980000
1790370634.584 600000 3036000 1980000
1790370634.637 600000 3036000 1056000
1790370634.691 600000 3036000 1980000
1790370634.745 600000 3036000 1056000
1790370634.799 600000 1980000 3036000
1790370634.852 600000 1980000 3036000
1790370634.905 600000 3036000 1980000
1790370634.959 600000 3036000 1980000
1790370635.013 600000 2676000 1056000
1790370635.068 2064000 1296000 1056000
1790370635.122 1332000 600000 600000
1790370635.176 972000 600000 1980000
1790370635.232 972000 1980000 1056000
1790370635.287 972000 1980000 1980000
1790370635.341 972000 600000 600000
1790370635.396 972000 1980000 1056000
1790370635.451 972000 1980000 1980000
1790370635.505 600000 1980000 1056000
1790370635.561 600000 1980000 1056000
1790370635.616 600000 1980000 1980000
1790370635.671 600000 600000 1056000
1790370635.727 600000 1980000 1980000
1790370635.785 600000 1980000 1980000
1790370635.842 600000 1056000 1980000
1790370635.898 600000 600000 600000
1790370635.957 972000 1980000 1056000
1790370636.013 600000 1980000 1056000
1790370636.070 600000 1980000 1056000
1790370636.125 600000 1980000 1056000
1790370636.183 600000 1980000 600000
1790370636.243 600000 1980000 600000
1790370636.300 972000 600000 600000
1790370636.354 1704000 600000 600000
1790370636.407 600000 2676000 1056000
1790370636.462 1704000 600000 1980000
1790370636.518 1332000 828000 1980000
1790370636.571 600000 1752000 1752000
1790370636.626 600000 1296000 1980000
1790370636.681 600000 1056000 1980000
1790370636.737 600000 1056000 1980000
1790370636.793 600000 1056000 1980000
1790370636.849 600000 1056000 1980000
1790370636.906 600000 600000 600000
1790370636.962 600000 600000 600000
1790370637.017 600000 1980000 1980000
1790370637.072 2064000 600000 600000
1790370637.126 600000 1056000 2904000
1790370637.180 600000 1056000 3036000
1790370637.235 972000 1980000 1056000
