1790370695.580 972000 2448000 2904000
1790370695.634 600000 1056000 3036000
1790370695.687 600000 2208000 3036000
1790370695.739 600000 1980000 3036000
1790370695.792 1704000 2676000 2448000
1790370695.846 600000 3036000 1980000
1790370695.898 600000 3036000 2208000
1790370695.951 600000 3036000 1980000
1790370696.003 600000 3036000 1980000
1790370696.055 600000 3036000 1980000
1790370696.107 600000 3036000 1980000
1790370696.159 600000 3036000 1980000
1790370696.212 600000 1980000 3036000
1790370696.264 600000 1980000 3036000
1790370696.316 600000 1056000 2904000
1790370696.372 600000 2448000 2448000
1790370696.426 600000 2208000 2208000
1790370696.480 600000 2208000 1056000
1790370696.535 600000 1752000 1980000
1790370696.589 600000 1752000 1980000
1790370696.643 2064000 600000 600000
1790370696.697 1704000 1980000 3036000
1790370696.750 1704000 600000 1056000
1790370696.804 1332000 1056000 1980000
1790370696.858 972000 1056000 1980000
1790370696.912 972000 1056000 1980000
1790370696.967 1332000 1980000 1056000
1790370697.021 972000 1980000 1056000
1790370697.076 972000 1056000 1980000
1790370697.131 600000 600000 600000
1790370697.186 600000 1980000 1980000
1790370697.241 972000 1980000 1056000
1790370697.296 600000 1980000 600000
1790370697.353 600000 1980000 1056000
1790370697.408 600000 1980000 1056000
1790370697.463 600000 1980000 1056000
1790370697.519 600000 1980000 1056000
1790370697.574 600000 1980000 1056000
1790370697.630 600000 1980000 1056000
1790370697.686 600000 1980000 1056000
1790370697.742 600000 600000 600000
1790370697.798 600000 1056000 600000
1790370697.853 600000 1980000 600000
1790370697.908 600000 1980000 1056000
1790370697.963 600000 1980000 1056000
1790370698.018 600000 1980000 1056000
1790370698.074 600000 1980000 1056000
1790370698.129 600000 1980000 1056000
1790370698.184 600000 1980000 1056000
1790370698.239 600000 1980000 1056000
1790370698.293 600000 1980000 600000
1790370698.348 600000 600000 600000
1790370698.403 600000 1056000 1980000
1790370698.459 600000 1980000 1056000
1790370698.517 600000 600000 600000
1790370698.573 600000 1980000 1056000
1790370698.630 600000 1980000 1056000
1790370698.685 600000 1980000 600000
1790370698.740 600000 1056000 1980000
1790370698.795 600000 1056000 600000
1790370698.850 600000 1980000 600000
1790370698.905 600000 1056000 600000
1790370698.960 600000 1980000 1980000
1790370699.015 600000 1980000 600000
1790370699.070 600000 1980000 1056000
1790370699.125 600000 1980000 1980000
1790370699.179 600000 600000 600000
1790370699.234 600000 1056000 1980000
1790370699.290 600000 1980000 600000
1790370699.345 600000 600000 600000
1790370699.400 600000 600000 600000
1790370699.455 600000 600000 600000
1790370699.510 600000 600000 600000
1790370699.564 600000 1056000 1980000
1790370699.619 600000 600000 600000
1790370699.674 600000 1980000 1056000
1790370699.729 600000 1980000 1056000
1790370699.784 600000 1980000 1056000
1790370699.839 600000 1980000 600000
1790370699.894 600000 600000 1056000
1790370699.950 600000 1980000 1056000
1790370700.009 600000 600000 600000
1790370700.064 600000 600000 600000
1790370700.119 600000 600000 600000
1790370700.174 600000 1980000 1056000
1790370700.229 600000 1980000 600000
1790370700.284 600000 600000 600000
1790370700.339 600000 1980000 600000
1790370700.394 600000 1980000 1980000
1790370700.449 600000 600000 600000
1790370700.503 600000 600000 600000
1790370700.558 600000 600000 2448000
1790370700.613 600000 1980000 1056000
1790370700.669 600000 1980000 600000
1790370700.725 600000 1056000 1980000
1790370700.780 600000 1296000 600000
1790370700.835 600000 1980000 600000
1790370700.890 600000 1980000 1056000
1790370700.946 972000 1980000 1056000
1790370701.003 972000 1980000 1056000
1790370701.058 600000 1980000 1056000
1790370701.113 600000 1980000 1056000
1790370701.168 600000 1980000 1056000
1790370701.224 600000 1980000 1980000
1790370701.281 600000 600000 600000
1790370701.336 600000 1980000 600000
1790370701.391 600000 1980000 600000
1790370701.446 600000 1980000 1980000
1790370701.501 600000 1296000 600000
1790370701.555 600000 600000 600000
1790370701.610 600000 600000 1980000
1790370701.665 600000 1980000 1056000
1790370701.720 600000 1980000 600000
1790370701.775 600000 1056000 600000
1790370701.830 600000 1056000 1980000
1790370701.885 600000 1980000 600000
1790370701.941 600000 1980000 600000
1790370702.005 600000 1980000 1980000
1790370702.060 600000 600000 1980000
1790370702.114 600000 600000 600000
1790370702.170 600000 1980000 1056000
1790370702.228 600000 1980000 1056000
1790370702.285 600000 600000 600000
1790370702.340 600000 600000 600000
1790370702.395 600000 600000 600000
1790370702.450 600000 600000 600000
1790370702.505 600000 600000 600000
1790370702.560 600000 1980000 1524000
1790370702.613 600000 1056000 828000
1790370702.668 600000 1056000 1980000
1790370702.724 600000 600000 600000
1790370702.779 600000 600000 600000
1790370702.834 600000 600000 600000
1790370702.889 600000 1056000 1980000
1790370702.945 600000 1056000 1980000
1790370703.007 600000 1980000 1056000
1790370703.062 600000 1980000 1056000
1790370703.117 600000 1980000 1056000
1790370703.171 600000 1980000 1056000
1790370703.227 600000 1980000 1980000
1790370703.281 600000 1980000 1980000
1790370703.337 600000 1980000 1056000
1790370703.394 600000 1980000 1056000
1790370703.450 600000 1980000 1056000
1790370703.505 600000 600000 600000
1790370703.561 600000 600000 1980000
1790370703.616 600000 1980000 1980000
1790370703.672 600000 1056000 600000
1790370703.729 600000 1980000 1980000
1790370703.784 600000 600000 600000
1790370703.839 600000 600000 600000
1790370703.894 600000 1980000 600000
1790370703.949 600000 1980000 1056000
1790370704.007 600000 1980000 1056000
1790370704.066 600000 1980000 1056000
1790370704.122 600000 1980000 1056000
1790370704.177 600000 1980000 1056000
1790370704.234 600000 1980000 1980000
1790370704.290 600000 1980000 1056000
1790370704.347 600000 600000 600000
1790370704.402 600000 600000 600000
1790370704.457 600000 1980000 1056000
1790370704.512 600000 1980000 1056000
1790370704.568 600000 1524000 1980000
1790370704.622 600000 2448000 1056000
1790370704.676 600000 1980000 1056000
1790370704.731 600000 1980000 1056000
1790370704.787 600000 1980000 1056000
1790370704.842 600000 1980000 1056000
1790370704.897 600000 1980000 1056000
1790370704.953 600000 1980000 1056000
1790370705.010 600000 1980000 1056000
1790370705.065 600000 1980000 1056000
1790370705.120 600000 1980000 1056000
1790370705.175 600000 1980000 1056000
1790370705.230 600000 1980000 1980000
1790370705.284 600000 1056000 1980000
1790370705.340 600000 600000 600000
1790370705.394 600000 1056000 600000
1790370705.450 600000 1980000 1056000
1790370705.505 600000 1980000 600000
1790370705.560 600000 1980000 1056000
1790370705.615 600000 1980000 1056000
1790370705.670 600000 1980000 1056000
1790370705.725 600000 1980000 600000
1790370705.780 600000 1056000 600000
1790370705.834 600000 1056000 1980000
1790370705.890 600000 1980000 600000
1790370705.946 600000 1056000 600000
1790370706.007 600000 1980000 1056000
1790370706.062 600000 1980000 1056000
1790370706.117 600000 1980000 600000
1790370706.172 600000 600000 600000
1790370706.227 600000 1056000 1980000
1790370706.282 600000 600000 828000
1790370706.337 600000 600000 600000
1790370706.392 600000 1980000 600000
1790370706.447 600000 1980000 600000
1790370706.502 600000 600000 1056000
1790370706.556 600000 1980000 1980000
1790370706.614 600000 1524000 1980000
1790370706.677 1332000 600000 1056000
1790370706.731 1332000 1980000 1056000
1790370706.785 972000 1980000 1056000
1790370706.839 600000 1980000 1056000
1790370706.894 600000 1980000 1056000
1790370706.949 972000 600000 600000
1790370707.007 600000 1980000 1056000
1790370707.062 600000 1980000 1056000
1790370707.117 600000 600000 600000
1790370707.172 600000 600000 600000
1790370707.227 600000 600000 600000
1790370707.282 600000 600000 600000
1790370707.337 600000 600000 600000
1790370707.392 600000 600000 600000
1790370707.447 600000 600000 600000
1790370707.502 600000 1056000 1980000
1790370707.557 600000 600000 600000
1790370707.612 600000 600000 600000
1790370707.667 600000 600000 1056000
1790370707.722 600000 1980000 600000
1790370707.777 600000 1980000 600000
1790370707.832 600000 600000 600000
1790370707.886 600000 1980000 1056000
1790370707.942 600000 1980000 1056000
1790370708.003 600000 1296000 1980000
1790370708.059 600000 600000 600000
1790370708.115 600000 600000 600000
1790370708.170 600000 1980000 600000
1790370708.225 600000 1980000 1056000
1790370708.280 600000 600000 600000
1790370708.335 600000 1056000 1980000
1790370708.391 600000 600000 600000
1790370708.447 600000 1980000 1056000
1790370708.504 600000 1980000 1056000
1790370708.560 600000 2676000 1980000
1790370708.614 600000 1056000 600000
1790370708.668 600000 2208000 1056000
1790370708.723 600000 1980000 1056000
1790370708.778 600000 1980000 1056000
1790370708.833 600000 1980000 1056000
1790370708.888 600000 1980000 1980000
1790370708.944 972000 1980000 1056000
1790370709.002 972000 1980000 1056000
1790370709.058 600000 1980000 1056000
1790370709.114 600000 1980000 600000
1790370709.169 600000 1980000 1980000
1790370709.224 600000 1056000 1980000
1790370709.279 600000 1980000 600000
1790370709.334 600000 1056000 600000
1790370709.389 600000 1980000 1980000
1790370709.443 600000 600000 600000
1790370709.498 600000 1980000 1056000
1790370709.553 600000 1980000 1056000
1790370709.607 600000 1980000 1056000
1790370709.663 600000 1980000 1980000
1790370709.718 600000 1980000 1056000
1790370709.776 600000 1980000 1056000
1790370709.831 600000 1980000 1056000
1790370709.888 600000 1980000 1056000
1790370709.949 972000 1980000 1056000
1790370710.004 600000 1980000 1056000
1790370710.063 600000 1980000 1980000
1790370710.125 600000 600000 1056000
1790370710.180 600000 1980000 600000
1790370710.235 600000 600000 600000
1790370710.290 1704000 1980000 1980000
1790370710.344 600000 1056000 2448000
1790370710.399 600000 1980000 3036000
1790370710.451 600000 1980000 3036000
