1790370676.658 972000 1980000 2904000
1790370676.711 600000 3036000 1056000
1790370676.766 600000 3036000 1056000
1790370676.820 600000 3036000 1056000
1790370676.874 600000 2448000 2208000
1790370676.929 600000 1296000 3036000
1790370676.982 600000 2208000 3036000
1790370677.034 600000 1980000 3036000
1790370677.087 600000 1980000 3036000
1790370677.139 600000 1980000 3036000
1790370677.192 600000 1980000 3036000
1790370677.245 600000 1980000 3036000
1790370677.297 2064000 3036000 3036000
1790370677.349 2064000 3036000 3036000
1790370677.402 972000 2676000 2676000
1790370677.456 600000 2676000 1056000
1790370677.511 600000 2208000 2208000
1790370677.565 600000 1980000 1980000
1790370677.619 600000 1752000 1980000
1790370677.673 600000 1752000 1752000
1790370677.727 2064000 3036000 3036000
1790370677.779 2064000 3036000 3036000
1790370677.831 1704000 1056000 1980000
1790370677.885 1332000 1980000 1056000
1790370677.939 1332000 1980000 1056000
1790370677.994 972000 1980000 1980000
1790370678.048 972000 1980000 1980000
1790370678.102 972000 600000 600000
1790370678.156 2064000 3036000 3036000
1790370678.208 2064000 3036000 3036000
1790370678.261 1332000 1056000 1980000
1790370678.315 1332000 600000 600000
1790370678.369 972000 1980000 1056000
1790370678.423 972000 1980000 600000
1790370678.478 600000 1980000 1056000
1790370678.533 600000 2676000 1980000
1790370678.588 2064000 3036000 3036000
1790370678.640 2064000 3036000 3036000
1790370678.693 1332000 1056000 1980000
1790370678.747 972000 1056000 1980000
1790370678.801 972000 1056000 600000
1790370678.856 972000 1056000 1980000
1790370678.910 600000 1056000 1980000
1790370678.969 600000 1980000 1980000
1790370679.023 2064000 3036000 3036000
1790370679.076 2064000 3036000 3036000
1790370679.129 1332000 1980000 1980000
1790370679.182 1332000 1980000 1980000
1790370679.236 972000 1056000 1056000
1790370679.290 972000 1980000 1056000
1790370679.345 600000 1980000 1056000
1790370679.400 600000 1980000 1980000
1790370679.454 600000 600000 600000
1790370679.509 2064000 3036000 3036000
1790370679.561 2064000 3036000 3036000
1790370679.614 972000 1980000 600000
1790370679.668 972000 1980000 600000
1790370679.722 600000 1980000 1056000
1790370679.777 600000 1980000 1980000
1790370679.832 600000 1980000 1980000
1790370679.886 600000 1980000 1980000
1790370679.940 2064000 3036000 3036000
1790370679.993 2064000 3036000 3036000
1790370680.045 1332000 1752000 1056000
1790370680.099 972000 1980000 1056000
1790370680.153 972000 1980000 600000
1790370680.207 972000 600000 600000
1790370680.261 600000 1056000 1980000
1790370680.316 600000 600000 600000
1790370680.371 2064000 3036000 3036000
1790370680.423 2064000 3036000 3036000
1790370680.476 1332000 1056000 1980000
1790370680.530 972000 1056000 1752000
1790370680.584 972000 1980000 1524000
1790370680.639 600000 1980000 2208000
1790370680.693 600000 1056000 1980000
1790370680.749 600000 600000 600000
1790370680.803 2064000 3036000 3036000
1790370680.855 2064000 3036000 3036000
1790370680.908 1332000 1980000 1056000
1790370680.962 1332000 1980000 1980000
1790370681.016 972000 1980000 1980000
1790370681.070 972000 1980000 1056000
1790370681.124 972000 600000 600000
1790370681.179 600000 1980000 1056000
1790370681.236 2064000 3036000 3036000
1790370681.288 2064000 3036000 3036000
1790370681.341 1332000 600000 600000
1790370681.395 972000 600000 1056000
1790370681.449 972000 600000 600000
1790370681.503 972000 600000 1056000
1790370681.558 600000 1980000 1056000
1790370681.613 600000 600000 600000
1790370681.668 2064000 3036000 3036000
1790370681.720 2064000 3036000 3036000
1790370681.773 1332000 1980000 1980000
1790370681.826 972000 1296000 1980000
1790370681.880 972000 600000 600000
1790370681.936 972000 1056000 1980000
1790370681.991 972000 600000 1980000
1790370682.045 972000 1980000 1056000
1790370682.099 2064000 3036000 3036000
1790370682.152 2064000 3036000 3036000
1790370682.205 2064000 3036000 1056000
1790370682.258 1332000 1980000 1056000
1790370682.312 972000 1980000 1056000
1790370682.367 972000 1980000 1980000
1790370682.421 972000 600000 600000
1790370682.475 600000 600000 600000
1790370682.529 600000 1056000 1980000
1790370682.583 2064000 3036000 3036000
1790370682.635 2064000 3036000 3036000
1790370682.688 1332000 1980000 1296000
1790370682.742 972000 1980000 1296000
1790370682.796 972000 1980000 1056000
1790370682.851 972000 1980000 1056000
1790370682.906 600000 600000 600000
1790370682.961 600000 600000 1980000
1790370683.016 2064000 3036000 3036000
1790370683.068 2064000 3036000 3036000
1790370683.122 1332000 1980000 1980000
1790370683.175 1332000 600000 600000
1790370683.230 972000 600000 1980000
1790370683.284 972000 1056000 1980000
1790370683.338 972000 1296000 1752000
1790370683.392 972000 1296000 1980000
1790370683.445 2064000 3036000 3036000
1790370683.498 2064000 3036000 3036000
1790370683.551 1332000 1980000 1056000
1790370683.605 1332000 1056000 1056000
1790370683.659 972000 600000 600000
1790370683.713 972000 600000 600000
1790370683.767 972000 1980000 1056000
1790370683.822 600000 1980000 600000
1790370683.877 2064000 3036000 3036000
1790370683.929 2064000 3036000 3036000
1790370683.985 1332000 1980000 1056000
1790370684.039 1332000 1980000 600000
1790370684.092 972000 600000 600000
1790370684.146 972000 1980000 1056000
1790370684.200 972000 1980000 600000
1790370684.254 972000 600000 1056000
1790370684.309 2064000 3036000 3036000
1790370684.361 2064000 3036000 3036000
1790370684.414 1332000 1056000 1980000
1790370684.468 1332000 600000 600000
1790370684.522 972000 600000 600000
1790370684.576 972000 828000 600000
1790370684.630 972000 1296000 1980000
1790370684.684 600000 1980000 1056000
1790370684.741 2064000 3036000 3036000
1790370684.793 2064000 3036000 3036000
1790370684.845 1332000 1056000 1296000
1790370684.899 972000 1980000 1056000
1790370684.954 972000 1980000 1056000
1790370685.008 972000 1980000 1056000
1790370685.062 600000 1056000 1980000
1790370685.117 600000 1980000 1056000
1790370685.172 600000 600000 600000
1790370685.226 2064000 3036000 3036000
1790370685.279 2064000 3036000 3036000
1790370685.331 972000 1980000 1980000
1790370685.385 972000 600000 600000
1790370685.440 600000 600000 600000
1790370685.495 600000 600000 1980000
1790370685.550 600000 600000 1056000
1790370685.605 600000 1980000 1980000
1790370685.659 2064000 3036000 3036000
1790370685.711 2064000 3036000 3036000
1790370685.764 1332000 1980000 1056000
1790370685.818 972000 600000 600000
1790370685.872 972000 600000 600000
1790370685.926 600000 1980000 1056000
1790370685.981 972000 1980000 1980000
1790370686.035 972000 1056000 600000
1790370686.090 2064000 3036000 3036000
1790370686.146 2064000 3036000 3036000
1790370686.199 2064000 1980000 1056000
1790370686.253 1332000 600000 600000
1790370686.307 1332000 600000 1980000
1790370686.360 1332000 1980000 1056000
1790370686.415 972000 1980000 1980000
1790370686.469 600000 1056000 1980000
1790370686.523 2064000 3036000 3036000
1790370686.576 2064000 3036000 3036000
1790370686.628 1332000 1980000 1056000
1790370686.682 1332000 1056000 1980000
1790370686.736 972000 1980000 1056000
1790370686.790 972000 1980000 1056000
1790370686.844 600000 1980000 1056000
1790370686.899 600000 600000 600000
1790370686.954 2064000 3036000 3036000
1790370687.006 2064000 3036000 3036000
1790370687.059 1332000 600000 600000
1790370687.112 1332000 1056000 600000
1790370687.166 972000 828000 600000
1790370687.221 600000 1056000 1980000
1790370687.276 600000 600000 600000
1790370687.331 600000 600000 600000
1790370687.385 2064000 3036000 3036000
1790370687.437 2064000 3036000 3036000
1790370687.490 1332000 1980000 1056000
1790370687.544 1332000 1980000 1056000
1790370687.598 972000 1980000 1056000
1790370687.652 972000 1980000 1056000
1790370687.707 600000 1980000 1980000
1790370687.761 600000 1980000 1056000
1790370687.820 2064000 1980000 3036000
1790370687.874 2064000 3036000 3036000
1790370687.927 1332000 1980000 1056000
1790370687.981 1332000 1980000 1056000
1790370688.035 1332000 1980000 1056000
1790370688.089 972000 1980000 1980000
1790370688.143 972000 1980000 1296000
1790370688.198 600000 1980000 1980000
1790370688.253 972000 600000 600000
1790370688.307 2064000 3036000 3036000
1790370688.359 2064000 3036000 3036000
1790370688.412 972000 1980000 1056000
1790370688.466 972000 1980000 1056000
1790370688.521 972000 1980000 1980000
1790370688.575 600000 1752000 1980000
1790370688.630 600000 2208000 1056000
1790370688.685 600000 1980000 1056000
1790370688.740 2064000 3036000 3036000
1790370688.792 2064000 3036000 3036000
1790370688.845 972000 600000 600000
1790370688.899 972000 600000 600000
1790370688.953 972000 1980000 1056000
1790370689.007 972000 1980000 1980000
1790370689.062 972000 1980000 1980000
1790370689.116 600000 600000 600000
1790370689.170 2064000 3036000 3036000
1790370689.223 2064000 3036000 3036000
1790370689.275 1332000 1980000 1056000
1790370689.329 972000 1980000 1980000
1790370689.383 600000 600000 600000
1790370689.438 600000 600000 600000
1790370689.495 600000 1980000 1056000
1790370689.550 600000 1980000 1056000
1790370689.605 2064000 3036000 3036000
1790370689.657 2064000 3036000 3036000
1790370689.710 1332000 600000 600000
1790370689.764 1332000 1056000 1980000
1790370689.818 972000 600000 600000
1790370689.873 600000 1980000 1056000
1790370689.928 600000 1980000 1056000
1790370689.987 600000 1980000 600000
1790370690.042 2064000 3036000 3036000
1790370690.094 2064000 3036000 3036000
1790370690.147 1332000 1980000 600000
1790370690.201 972000 600000 600000
1790370690.255 972000 1056000 1980000
1790370690.309 600000 1980000 600000
1790370690.364 600000 1056000 1980000
1790370690.419 600000 600000 600000
1790370690.474 2064000 3036000 3036000
1790370690.526 2064000 3036000 3036000
1790370690.579 1332000 1980000 1056000
1790370690.632 1332000 1980000 1056000
1790370690.687 972000 1980000 1980000
1790370690.741 972000 1056000 1980000
1790370690.796 600000 600000 600000
1790370690.850 600000 1056000 1980000
1790370690.905 2064000 3036000 3036000
1790370690.958 2064000 3036000 3036000
1790370691.011 1332000 1980000 1056000
1790370691.065 1332000 1980000 1980000
1790370691.119 972000 1980000 1980000
1790370691.173 972000 1980000 1056000
1790370691.228 972000 1980000 1980000
1790370691.281 600000 828000 600000
1790370691.336 600000 600000 828000
1790370691.391 1332000 600000 600000
1790370691.445 600000 1056000 2208000
1790370691.499 600000 1980000 3036000
1790370691.552 600000 1980000 3036000
