5b54f4a9a2ba3434cd69b6e48e6780d3bcb6c635d9ce85cda3d85c60f2455bde  /var/tmp/jwm1-ane-step2/fused-e2e/out-asr-repeat-20260920T201848/mel.npy
38c73261f29230276ed76f1fc017b76b024156d79218bd5f1347fdc7e7d43ec7  /var/tmp/jwm1-ane-step2/fused-e2e/out-asr-repeat-20260920T201848/encoder_hidden.npy
db501a8c080380ea027ffa50a4b4956c39df77cb692c4fb78e556311a11a0790  /var/tmp/jwm1-ane-step2/fused-e2e/out-asr-repeat-20260920T201848/transcript.txt
1d1cc5a90a558d89afcae924a3ca802a958924123034bb23991bee1a7e0b2e4d  /var/tmp/jwm1-ane-step2/fused-e2e/out-asr-repeat-20260920T201848/token_ids.json
df67200411b0dcecff032eeaf80201b782f8aaa32dbb63ece829016b1261e485  /var/tmp/jwm1-ane-step2/fused-e2e/out-asr-repeat-20260920T201848/e2e-report.json
golden-mel-match:    YES
golden-hidden-match: YES
golden-transcript-match: YES
status: match
matching_prefix_length: [{'actual': {'durations': [3, 2, 2, 2, 2, 3, 2, 2, 3, 1, 2, 2, 2, 3, 3, 2, 2, 2, 2, 2, 3, 3, 2, 3, 2, 1, 3, 4, 2, 2, 2, 3, 2, 2, 2, 2, 2, 3, 2, 2, 2, 1, 2, 2, 2, 1, 1, 2, 1, 1, 1, 3, 2, 1, 4, 3, 4, 4, 4, 4, 4, 4, 4, 4, 4, 1, 1, 4, 1, 4, 0, 4, 0, 4, 0, 4, 0, 1, 1, 1, 1, 4, 1, 4, 4, 4, 4, 4, 4, 4, 4, 4, 1, 0, 0, 0, 0, 0, 0, 0, 0, 0, 0, 0], 'frame_indices': [3, 6, 8, 10, 12, 14, 17, 19, 21, 24, 25, 27, 29, 31, 34, 37, 39, 41, 43, 45, 47, 50, 53, 56, 59, 61, 63, 66, 70, 72, 74, 76, 79, 81, 83, 85, 90, 92, 95, 97, 99, 101, 102, 104, 106, 108, 109, 110, 112, 113, 114, 115, 118, 120, 123, 127, 130, 138, 202, 226, 234, 242, 250, 258, 266, 274, 279, 280, 284, 285, 289, 289, 293, 293, 297, 297, 301, 305, 310, 315, 320, 321, 325, 326, 330, 334, 338, 342, 346, 350, 354, 362, 370, 372, 373, 373, 373, 373, 373, 373, 373, 373, 373, 373], 'token_ids': [1876, 303, 669, 326, 3357, 4223, 555, 1269, 7898, 509, 1150, 1742, 7877, 1503, 479, 1447, 575, 1743, 320, 769, 575, 3550, 5231, 939, 773, 283, 575, 3415, 282, 351, 2414, 1765, 1083, 366, 555, 7410, 1160, 2009, 334, 552, 1413, 7877, 699, 5477, 326, 7877, 309, 630, 344, 7918, 7894, 296, 571, 326, 2628, 463, 7883, 7883, 7883, 7883, 7883, 7883, 7883, 7883, 7883, 7883, 7883, 7883, 7883, 7883, 7883, 7883, 7883, 7883, 7883, 7883, 7883, 7883, 7883, 7883, 7883, 7883, 7883, 7883, 7883, 7883, 7883, 7883, 7883, 7883, 7883, 7883, 7883, 7883, 7883, 7883, 7883, 7883, 7883, 7863, 8135, 7892, 7863, 8135]}, 'actual_emissions': 104, 'durations_match': True, 'first_divergence': None, 'frame_indices_match': True, 'matching_prefix_length': 104, 'native': {'durations': [3, 2, 2, 2, 2, 3, 2, 2, 3, 1, 2, 2, 2, 3, 3, 2, 2, 2, 2, 2, 3, 3, 2, 3, 2, 1, 3, 4, 2, 2, 2, 3, 2, 2, 2, 2, 2, 3, 2, 2, 2, 1, 2, 2, 2, 1, 1, 2, 1, 1, 1, 3, 2, 1, 4, 3, 4, 4, 4, 4, 4, 4, 4, 4, 4, 1, 1, 4, 1, 4, 0, 4, 0, 4, 0, 4, 0, 1, 1, 1, 1, 4, 1, 4, 4, 4, 4, 4, 4, 4, 4, 4, 1, 0, 0, 0, 0, 0, 0, 0, 0, 0, 0, 0], 'frame_indices': [3, 6, 8, 10, 12, 14, 17, 19, 21, 24, 25, 27, 29, 31, 34, 37, 39, 41, 43, 45, 47, 50, 53, 56, 59, 61, 63, 66, 70, 72, 74, 76, 79, 81, 83, 85, 90, 92, 95, 97, 99, 101, 102, 104, 106, 108, 109, 110, 112, 113, 114, 115, 118, 120, 123, 127, 130, 138, 202, 226, 234, 242, 250, 258, 266, 274, 279, 280, 284, 285, 289, 289, 293, 293, 297, 297, 301, 305, 310, 315, 320, 321, 325, 326, 330, 334, 338, 342, 346, 350, 354, 362, 370, 372, 373, 373, 373, 373, 373, 373, 373, 373, 373, 373], 'token_ids': [1876, 303, 669, 326, 3357, 4223, 555, 1269, 7898, 509, 1150, 1742, 7877, 1503, 479, 1447, 575, 1743, 320, 769, 575, 3550, 5231, 939, 773, 283, 575, 3415, 282, 351, 2414, 1765, 1083, 366, 555, 7410, 1160, 2009, 334, 552, 1413, 7877, 699, 5477, 326, 7877, 309, 630, 344, 7918, 7894, 296, 571, 326, 2628, 463, 7883, 7883, 7883, 7883, 7883, 7883, 7883, 7883, 7883, 7883, 7883, 7883, 7883, 7883, 7883, 7883, 7883, 7883, 7883, 7883, 7883, 7883, 7883, 7883, 7883, 7883, 7883, 7883, 7883, 7883, 7883, 7883, 7883, 7883, 7883, 7883, 7883, 7883, 7883, 7883, 7883, 7883, 7883, 7863, 8135, 7892, 7863, 8135]}, 'native_emissions': 104, 'required': True, 'requirement': 'token_ids_must_match_exactly', 'tokens_match': True}]
"actual_emissions": 104
"matching_prefix_length": 104
"native_emissions": 104
cpu_tensor_events: 0 ane_submissions: 1 worker_starts: 1 timeouts: 0
total_pipeline_ms: 6649.343
